0|Barbarian|12|3|100|1[14]1[15]2[16]2[17]5[18]5[19]7[20]9[21]13[22]17[23]15[24]18[25]20[26]
1|Bard|8|3|110|1[27]5[28]10[29]11[30]2[31]2[32]3[33[34[35[36[37[38[39[40[41[42[43[44[45[46[47[48[49[50]3[33[34[35[36[37[38[39[40[41[42[43[44[45[46[47[48[49[50]10[33[34[35[36[37[38[39[40[41[42[43[44[45[46[47[48[49[50]10[33[34[35[36[37[38[39[40[41[42[43[44[45[46[47[48[49[50]5[51]6[52]10[53]14[54]18[55]
2|Cleric|8|1|120|
3|Druid|8|2|130|
4|Fighter|10|3|140|
5|Monk|8|3|150|
6|Paladin|10|3|160|
7|Ranger|10|3|170|
8|Rogue|8|3|180|
9|Sorcerer|6|1|190|
10|Warlock|8|1|200|
11|Wizard|6|2|210|
100|Path of the Berserker|0|0|0|
110|College of Lore|0|0|0|
120|Life Domain|0|0|0|
130|Circle of the Land|0|0|0|
140|Champion|0|0|0|
150|Way of the Open Hand|0|0|0|
160|Oath of Devotion|0|0|0|
170|Hunter|0|0|0|
180|Thief|0|0|0|
190|Draconic Bloodline|0|0|0|
200|Fiendish Patron|0|0|0|
210|School of Evocation|0|0|0|